POINTSLIST
10.92	9.23	-0.72
0	0	0.01
1	1	200
POINTSLIST
12.3	9.25	-0.72
0	0	0.01
1	1	200
POINTSLIST
12.95	9.23	-0.72
0	0	0.01
1	1	200
POINTSLIST
13.44	9.23	-0.72
0	0	0.01
1	1	200
POINTSLIST
13.95	9.22	-0.72
0	0	0.01
1	1	200

POINTSLIST
11.32	9.23	-0.72
0	0	0.01
1	1	200
POINTSLIST
7.93	9.24	-0.72
0	0	0.01
1	1	200
POINTSLIST
12.4	11.23	-0.72
0	0	0.01
1	1	200
POINTSLIST
12.69	11.23	-0.72
0	0	0.01
1	1	200
POINTSLIST
13.19	11.23	-0.72
0	0	0.01
1	1	200

POINTSLIST
13.69	11.22	-0.72
0	0	0.01
1	1	200
POINTSLIST
12.14	11.23	-0.72
0	0	0.01
1	1	200
POINTSLIST
9.95	11.23	-0.72
0	0	0.01
1	1	200
POINTSLIST
10.44	11.23	-0.72
0	0	0.01
1	1	200






























