POINTSLIST
10.91	8.23	-0.72
0	0	0.01
1	1	200
POINTSLIST
12.3	8.2	-0.72
0	0	0.01
1	1	200
POINTSLIST
12.95	8.23	-0.72
0	0	0.01
1	1	200
POINTSLIST
13.44	8.23	-0.72
0	0	0.01
1	1	200
POINTSLIST
13.95	8.21	-0.72
0	0	0.01
1	1	200

POINTSLIST
11.32	8.23	-0.72
0	0	0.01
1	1	200
POINTSLIST
7.94	8.22	-0.72
0	0	0.01
1	1	200
POINTSLIST
12.4	9.25	-0.72
0	0	0.01
1	1	200
POINTSLIST
12.69	9.23	-0.72
0	0	0.01
1	1	200
POINTSLIST
13.19	9.23	-0.72
0	0	0.01
1	1	200

POINTSLIST
13.69	9.22	-0.72
0	0	0.01
1	1	200
POINTSLIST
12.14	9.23	-0.72
0	0	0.01
1	1	200
POINTSLIST
9.94	9.23	-0.72
0	0	0.01
1	1	200
POINTSLIST
10.44	9.23	-0.72
0	0	0.01
1	1	200