POINTSLIST
10.93	10.23	-0.72
0	0	0.01
1	1	200
POINTSLIST
12.3	10.25	-0.72
0	0	0.01
1	1	200
POINTSLIST
12.95	10.23	-0.72
0	0	0.01
1	1	200
POINTSLIST
13.44	10.23	-0.72
0	0	0.01
1	1	200
POINTSLIST
13.94	10.22	-0.72
0	0	0.01
1	1	200

POINTSLIST
11.32	10.23	-0.72
0	0	0.01
1	1	200
POINTSLIST
7.94	10.23	-0.72
0	0	0.01
1	1	200
POINTSLIST
12.4	12.21	-0.72
0	0	0.01
1	1	200
POINTSLIST
12.69	12.23	-0.72
0	0	0.01
1	1	200
POINTSLIST
13.19	12.23	-0.72
0	0	0.01
1	1	200

POINTSLIST
13.69	12.22	-0.72
0	0	0.01
1	1	200
POINTSLIST
12.14	12.23	-0.72
0	0	0.01
1	1	200
POINTSLIST
9.95	12.23	-0.72
0	0	0.01
1	1	200
POINTSLIST
9.95	13.28	-0.72
0	0	0.01
1	1	200
POINTSLIST
10.44	12.23	-0.72
0	0	0.01
1	1	200














