POINTSLIST
10.93	11.23	-0.72
0	0	0.01
1	1	200
POINTSLIST
12.3	11.23	-0.72
0	0	0.01
1	1	200
POINTSLIST
12.95	11.23	-0.72
0	0	0.01
1	1	200
POINTSLIST
13.44	11.23	-0.72
0	0	0.01
1	1	200
POINTSLIST
13.94	11.22	-0.72
0	0	0.01
1	1	200

POINTSLIST
11.32	11.23	-0.72
0	0	0.01
1	1	200
POINTSLIST
7.93	11.23	-0.72
0	0	0.01
1	1	200
POINTSLIST
12.4	13.22	-0.72
0	0	0.01
1	1	200
POINTSLIST
12.69	13.23	-0.72
0	0	0.01
1	1	200
POINTSLIST
13.19	13.28	-0.72
0	0	0.01
1	1	200

POINTSLIST
13.69	13.28	-0.72
0	0	0.01
1	1	200
POINTSLIST
13.69	13.28	-0.72
0	0	0.01
1	1	200
POINTSLIST
12.14	13.28	-0.72
0	0	0.01
1	1	200
POINTSLIST
9.95	13.28	-0.72
0	0	0.01
1	1	200
POINTSLIST
10.44	13.28	-0.72
0	0	0.01
1	1	200