POINTSLIST
10.93	15.73	-0.72
0	0	0.01
1	1	200
POINTSLIST
12.3	15.73	-0.72
0	0	0.01
1	1	200
POINTSLIST
12.94	15.73	-0.72
0	0	0.01
1	1	200
POINTSLIST
13.44	15.73	-0.72
0	0	0.01
1	1	200
POINTSLIST
13.94	15.73	-0.72
0	0	0.01
1	1	200

POINTSLIST
11.32	15.73	-0.72
0	0	0.01
1	1	200
POINTSLIST
7.95	15.73	-0.72
0	0	0.01
1	1	200
POINTSLIST
12.4	15.24	-0.72
0	0	0.01
1	1	200
POINTSLIST
12.69	15.23	-0.72
0	0	0.01
1	1	200
POINTSLIST
13.19	15.23	-0.72
0	0	0.01
1	1	200

POINTSLIST
13.69	15.23	-0.72
0	0	0.01
1	1	200
POINTSLIST
12.14	15.23	-0.72
0	0	0.01
1	1	200
POINTSLIST
9.95	15.23	-0.72
0	0	0.01
1	1	200
POINTSLIST
10.44	15.23	-0.72
0	0	0.01
1	1	200