POINTSLIST
10.93	13.69	-0.72
0	0	0.01
1	1	200
POINTSLIST
12.3	13.67	-0.72
0	0	0.01
1	1	200
POINTSLIST
12.94	13.68	-0.72
0	0	0.01
1	1	200
POINTSLIST
13.44	13.68	-0.72
0	0	0.01
1	1	200
POINTSLIST
13.95	13.68	-0.72
0	0	0.01
1	1	200

POINTSLIST
11.32	13.69	-0.72
0	0	0.01
1	1	200
POINTSLIST
7.94	13.68	-0.72
0	0	0.01
1	1	200
POINTSLIST
12.4	13.87	-0.72
0	0	0.01
1	1	200
POINTSLIST
12.69	13.88	-0.72
0	0	0.01
1	1	200
POINTSLIST
13.19	13.93	-0.72
0	0	0.01
1	1	200

POINTSLIST
13.69	13.92	-0.72
0	0	0.01
1	1	200
POINTSLIST
12.14	13.93	-0.72
0	0	0.01
1	1	200
POINTSLIST
9.95	13.93	-0.72
0	0	0.01
1	1	200
POINTSLIST
10.44	13.93	-0.72
0	0	0.01
1	1	200


















