POINTSLIST
10.93	12.73	-0.72
0	0	0.01
1	1	200
POINTSLIST
12.3	12.72	-0.72
0	0	0.01
1	1	200
POINTSLIST
12.94	12.73	-0.72
0	0	0.01
1	1	200
POINTSLIST
13.44	12.73	-0.72
0	0	0.01
1	1	200
POINTSLIST
13.94	12.72	-0.72
0	0	0.01
1	1	200

POINTSLIST
11.32	12.73	-0.72
0	0	0.01
1	1	200
POINTSLIST
7.94	12.73	-0.72
0	0	0.01
1	1	200
POINTSLIST
12.4	13.37	-0.72
0	0	0.01
1	1	200
POINTSLIST
12.69	13.38	-0.72
0	0	0.01
1	1	200
POINTSLIST
13.19	13.43	-0.72
0	0	0.01
1	1	200

POINTSLIST
13.69	13.43	-0.72
0	0	0.01
1	1	200
POINTSLIST
12.14	13.43	-0.72
0	0	0.01
1	1	200
POINTSLIST
9.95	13.43	-0.72
0	0	0.01
1	1	200
POINTSLIST
10.44	13.43	-0.72
0	0	0.01
1	1	200

































