POINTSLIST
10.94	16.73	-0.72
0	0	0.01
1	1	200
POINTSLIST
12.3	16.73	-0.72
0	0	0.01
1	1	200
POINTSLIST
12.93	16.73	-0.72
0	0	0.01
1	1	200
POINTSLIST
13.44	16.73	-0.72
0	0	0.01
1	1	200
POINTSLIST
13.95	16.72	-0.72
0	0	0.01
1	1	200

POINTSLIST
11.32	16.73	-0.72
0	0	0.01
1	1	200
POINTSLIST
7.95	16.73	-0.72
0	0	0.01
1	1	200
POINTSLIST
12.4	17.69	-0.72
0	0	0.01
1	1	200
POINTSLIST
12.69	17.73	-0.72
0	0	0.01
1	1	200
POINTSLIST
13.19	17.73	-0.72
0	0	0.01
1	1	200

POINTSLIST
13.69	17.72	-0.72
0	0	0.01
1	1	200
POINTSLIST
12.14	17.73	-0.72
0	0	0.01
1	1	200
POINTSLIST
9.96	17.74	-0.72
0	0	0.01
1	1	200
POINTSLIST
10.44	17.74	-0.72
0	0	0.01
1	1	200