POINTSLIST
10.93	14.73	-0.72
0	0	0.01
1	1	200
POINTSLIST
12.3	14.73	-0.72
0	0	0.01
1	1	200
POINTSLIST
12.95	14.73	-0.72
0	0	0.01
1	1	200
POINTSLIST
13.44	14.73	-0.72
0	0	0.01
1	1	200
POINTSLIST
13.95	14.72	-0.72
0	0	0.01
1	1	200

POINTSLIST
11.32	14.73	-0.72
0	0	0.01
1	1	200
POINTSLIST
7.95	14.73	-0.72
0	0	0.01
1	1	200
POINTSLIST
12.4	14.28	-0.72
0	0	0.01
1	1	200
POINTSLIST
12.69	14.28	-0.72
0	0	0.01
1	1	200
POINTSLIST
13.19	14.33	-0.72
0	0	0.01
1	1	200

POINTSLIST
13.69	14.32	-0.72
0	0	0.01
1	1	200
POINTSLIST
12.14	14.33	-0.72
0	0	0.01
1	1	200
POINTSLIST
9.95	14.33	-0.72
0	0	0.01
1	1	200
POINTSLIST
10.44	14.33	-0.72
0	0	0.01
1	1	200
